0.6623672246932983
0.6048907041549683
0.5839065313339233
0.5427497029304504
0.6448932886123657
0.5406681895256042
0.39679908752441406
0.36645612120628357
0.4224345088005066
0.4608675241470337
0.3691232204437256
0.3990786671638489
0.7019615769386292
0.48810094594955444
0.4502303898334503
0.593346893787384
0.5289615392684937
0.5245922207832336
0.3605514466762543
0.40626955032348633
0.36016419529914856
0.46987831592559814
0.48896723985671997
0.555202841758728
0.5764294862747192
0.5060839653015137
0.4660978615283966
0.5553184747695923
0.519250214099884
0.5617542862892151
0.5547900199890137
0.3472514748573303
0.5679542422294617
0.4958150386810303
0.36658191680908203
0.6709368824958801
0.4591848850250244
0.40788543224334717
0.43276241421699524
0.49592557549476624
0.4159693717956543
0.36271050572395325
0.3313770890235901
0.31310775876045227
0.4198310971260071
0.39972829818725586
0.543587327003479
0.42380648851394653
0.3474082052707672
0.3362119197845459
