-0.01411496102809906
-0.12627217173576355
-0.02863980457186699
-0.05115903913974762
-0.027826502919197083
-0.06964937597513199
0.0701778456568718
0.005718579515814781
0.11149035394191742
-0.04616166278719902
0.03057039901614189
-0.027088865637779236
0.008767771534621716
0.11597099900245667
-0.03233296424150467
0.05535200610756874
-0.021372826769948006
0.10997679829597473
-0.05022655799984932
0.039211638271808624
-0.0017450680024921894
0.10102862119674683
-0.0665789321064949
-0.11183984577655792
-0.004577369429171085
-0.005518755875527859
0.0330447256565094
-0.02598017081618309
0.10777983069419861
-0.04398521035909653
0.09894874691963196
0.16955380141735077
0.13885313272476196
0.07489083707332611
0.08626914769411087
-0.16779427230358124
0.06869114190340042
-0.03393751010298729
0.08597710728645325
-0.01789339818060398
0.01221262477338314
0.0754430741071701
0.1079571545124054
0.00933126825839281
-0.06876754015684128
0.02254485711455345
-0.0004292764060664922
0.08621343225240707
0.05710931494832039
-0.10367578268051147
